999
855
855
418
396
466
534
761
839
861
350
558
219
914
892
927
2
141
415
434
1
391
197
900
660
55
97
184
261
77
979
312
616
696
34
165
352
205
698
488
480
487
551
507
68
446
176
783
131
688
813
366
420
247
495
480
636
960
570
950
37
277
973
785
289
128
598
348
546
865
718
604
455
973
570
106
745
73
524
965
898
240
6
228
463
439
809
14
726
894
452
483
934
359
32
620
374
882
238
313
372
762
888
543
726
723
730
954
240
39
821
377
102
36
819
465
627
681
816
277
581
194
32
826
546
126
490
742
903
265
48
157
999
763
386
856
455
717
980
565
579
509
303
132
188
199
492
259
599
311
747
800
262
843
81
389
292
604
878
935
532
477
7
689
424
738
267
647
409
942
779
534
653
505
448
40
252
773
679
647
299
836
395
219
395
816
854
126
618
135
700
884
420
575
316
535
818
653
164
387
505
178
269
214
629
960
666
585
996
145
647
396
660
237
273
778
561
655
802
324
600
29
986
97
945
477
256
731
871
435
815
531
666
299
574
612
194
433
383
840
813
801
299
482
885
210
752
243
781
710
19
606
261
362
381
886
741
712
430
311
26
423
297
233
960
281
7
792
971
544
610
839
415
159
388
551
891
133
745
376
967
461
253
971
382
455
90
254
153
673
922
733
136
946
567
456
621
107
821
295
216
230
881
389
536
833
653
666
93
573
304
990
605
317
706
632
719
102
913
891
393
564
322
952
795
18
787
387
312
901
37
7
818
438
530
23
239
742
557
16
464
695
555
621
850
930
570
710
761
606
905
210
922
626
850
240
237
958
869
723
217
482
679
906
897
377
862
315
916
843
257
102
465
458
478
94
822
811
963
788
211
862
662
200
508
381
290
395
923
600
939
937
496
326
614
953
90
245
983
612
499
117
578
373
171
235
529
219
601
858
53
983
207
609
430
138
97
218
651
855
326
565
365
790
99
310
683
916
11
592
544
754
182
4
141
281
80
182
255
934
329
922
311
428
472
85
253
912
868
720
899
171
136
229
921
405
893
28
534
290
556
694
153
567
956
275
866
137
108
111
688
574
688
151
784
910
457
933
500
838
369
196
995
995
156
755
607
46
404
553
42
74
239
612
63
770
673
650
685
394